7
72 43
16 21 482
23 70 652
91 180 559
191 283 682
348 417 789
476 545 948
569 611 685
635 662 856
732 767 39
780 793 462
849 877 166
966 996 412
1088 1090 952
1093 1106 744
1190 1219 512
1292 1379 280
1451 1513 173
1569 1607 451
1670 1677 186
1679 1751 750
1814 1841 778
1870 1937 259
2029 2087 760
2131 2191 172
2278 2374 152
2424 2444 639
2473 2564 252
2617 2715 889
2718 2731 96
2771 2785 667
2875 2903 645
2922 2930 511
3007 3107 620
3195 3238 532
3250 3279 927
3342 3420 298
3473 3531 888
3536 3598 437
3691 3707 449
3747 3755 314
3813 3910 142
3964 4031 449
4047 4142 648
4178 4260 42
4327 4420 22
4465 4473 451
4515 4575 960
4656 4672 721
4689 4698 537
4716 4816 944
4899 4957 692
4981 4992 558
5017 5044 152
5068 5082 585
5148 5180 30
5267 5343 637
5433 5450 748
5499 5548 264
5618 5635 424
5693 5727 323
5780 5797 980
5841 5933 743
5986 6002 121
6058 6150 734
6242 6299 465
6320 6415 592
6424 6508 60
6517 6550 108
6622 6676 524
6723 6734 110
6803 6866 178
6867 6925 221


43 362
89 152 617
232 280 160
368 432 381
514 569 941
587 601 249
603 676 172
731 827 518
844 901 187
932 1018 539
1106 1113 281
1114 1209 495
1278 1304 794
1332 1345 557
1353 1399 911
1400 1415 676
1464 1480 548
1553 1575 295
1665 1703 152
1731 1799 537
1865 1872 495
1970 1977 141
2021 2096 366
2133 2136 230
2229 2291 576
2346 2408 942
2438 2501 358
2530 2617 579
2641 2717 869
2792 2848 936
2911 2984 95
3042 3113 1
3211 3225 328
3241 3244 530
3289 3384 43
3456 3458 457
3472 3555 371
3578 3590 957
3591 3678 84
3699 3712 939
3721 3796 412
3799 3883 134
3938 3972 247
4054 4103 249


11 845
96 150 617
199 261 330
344 376 752
422 510 104
542 613 325
657 719 185
790 815 787
821 879 741
918 974 23
1013 1018 185
1102 1154 390


100 352
51 132 734
166 198 580
219 306 463
350 413 407
470 517 729
598 683 834
721 799 325
892 992 463
1041 1077 446
1129 1155 397
1158 1186 677
1275 1337 60
1405 1439 899
1521 1550 61
1590 1675 760
1743 1808 244
1862 1916 821
1994 2093 772
2185 2284 908
2374 2425 785
2511 2516 64
2531 2624 425
2650 2662 911
2686 2780 239
2865 2898 124
2994 3047 40
3086 3092 246
3104 3139 596
3222 3248 194
3290 3357 544
3435 3488 701
3530 3549 693
3615 3659 157
3735 3755 850
3822 3878 234
3920 3971 686
4004 4045 391
4123 4175 25
4248 4335 403
4354 4382 969
4444 4450 473
4464 4511 591
4570 4634 87
4649 4741 858
4757 4815 613
4864 4963 463
4998 5029 3
5054 5115 55
5117 5150 93
5154 5205 320
5229 5294 577
5391 5421 575
5460 5548 739
5625 5627 330
5661 5678 939
5724 5790 337
5850 5902 619
5965 6041 679
6110 6139 464
6200 6232 166
6264 6320 682
6329 6333 712
6416 6458 299
6531 6602 953
6604 6608 521
6700 6702 238
6730 6791 789
6890 6965 917
6994 7037 645
7129 7184 729
7194 7233 136
7324 7371 339
7425 7506 632
7511 7565 102
7622 7629 958
7658 7709 459
7776 7806 419
7861 7889 194
7960 8017 188
8085 8185 495
8281 8290 433
8321 8421 579
8442 8495 211
8499 8556 716
8562 8627 775
8690 8784 325
8857 8917 54
9008 9074 934
9110 9199 290
9223 9279 289
9349 9400 450
9402 9435 749
9467 9472 953
9514 9522 362
9532 9545 926
9629 9656 871
9716 9815 82
9880 9922 348
10020 10049 936
10088 10092 491


80 773
93 122 574
199 228 305
309 342 599
430 524 608
577 649 743
680 722 202
804 880 418
955 978 216
981 991 6
998 1050 85
1129 1173 965
1226 1298 593
1307 1311 526
1318 1361 171
1375 1422 742
1430 1508 536
1517 1528 411
1607 1692 985
1738 1777 494
1828 1873 845
1909 1985 640
2085 2165 311
2210 2298 514
2368 2463 56
2503 2563 703
2597 2665 132
2686 2714 42
2745 2751 978
2766 2817 116
2825 2827 213
2831 2920 688
2963 3003 467
3056 3140 854
3158 3163 800
3188 3285 560
3312 3342 227
3352 3402 354
3405 3437 712
3517 3615 162
3663 3720 415
3780 3840 203
3939 3941 843
4006 4060 278
4130 4201 683
4223 4318 579
4399 4473 60
4532 4567 661
4579 4617 792
4692 4709 789
4746 4810 497
4813 4888 56
4894 4967 457
5067 5156 362
5233 5292 932
5303 5335 278
5424 5436 103
5536 5606 538
5666 5699 975
5702 5710 743
5753 5849 959
5888 5986 833
6080 6135 758
6185 6239 846
6250 6333 656
6427 6520 987
6544 6578 398
6656 6741 819
6808 6853 604
6946 7045 463
7081 7123 558
7169 7201 7
7279 7305 662
7340 7367 67
7400 7490 501
7578 7613 646
7688 7746 79
7770 7858 915
7953 8007 111
8105 8204 810
8264 8350 151


69 231
34 61 708
120 160 295
246 253 727
280 287 814
348 400 240
471 553 64
611 660 410
723 782 7
843 911 418
957 1027 738
1103 1107 64
1143 1157 404
1239 1290 162
1350 1427 68
1452 1490 972
1555 1563 305
1643 1660 553
1749 1828 912
1923 2015 431
2079 2168 101
2169 2186 456
2202 2206 169
2225 2310 620
2390 2434 196
2534 2602 933
2625 2709 492
2736 2799 560
2879 2882 91
2925 2974 982
3047 3059 522
3084 3148 590
3228 3308 893
3357 3455 429
3523 3553 924
3616 3645 544
3693 3696 527
3787 3816 642
3867 3927 944
3968 3970 793
4044 4071 604
4118 4169 468
4206 4237 799
4266 4345 296
4355 4453 177
4486 4498 157
4574 4585 559
4640 4642 688
4738 4742 799
4781 4877 453
4960 5029 79
5116 5131 481
5137 5140 763
5144 5176 93
5227 5268 90
5348 5373 302
5409 5410 12
5457 5512 65
5598 5600 668
5684 5724 263
5760 5835 183
5901 5962 950
6061 6079 152
6140 6213 35
6219 6294 27
6389 6443 404
6491 6533 4
6545 6633 410
6661 6734 911
6782 6790 802


10 96
76 121 461
209 255 11
312 409 324
490 574 729
630 692 575
753 818 75
872 892 938
933 962 865
1027 1118 812
1191 1284 374


